100000
62 218 242 398 242
4
8
0 0
0 1
0 2
1 1
1 3
2 0
3 1
3 4
1
2
5
0 0 1024 1 1 0
0 0 1480 1 1 0
0 1 1600 0 0 1
1 2 2048 1 1 0
1 3 2048 1 0 1
15
0 262144 262144 0 0 0
1 3014656 0 1146880 0 0
0 67108864 524288 0 0 0
2 0 0 0 851968 184680448
0 262144 262144 0 0 0
0 65536 65536 0 0 0
0 49152 49152 0 0 0
0 67108864 524288 0 0 0
2 0 0 0 983040 218234880
2 0 0 0 983040 218234880
0 524288 524288 0 0 0
0 262144 262144 0 0 0
0 2097152 524288 0 0 0
0 262144 262144 0 0 0
0 262144 262144 0 0 0
15
0 0 1
0 1 3
0 3 4
0 4 5
0 5 6
0 6 7
0 7 8
0 8 9
0 9 10
0 10 11
1 11 12
0 12 13
0 13 14
0 1 2
0 2 14
6
0 1 2 3 4 5